function model = QuadLinkThrowInit2stateWBeta(~, model, prop)

model.Mu(:,1) = [5; 1;   -6.1051
  -59.3368
  -27.0893
  128.9577
  -46.6396
   70.0059
  -93.1692
  -39.7490
  107.6789
   78.9394
  -43.9178
   35.5483
   83.1261
 -141.1010
   24.9455
  123.3635
  137.1326
  131.8940
  194.6962
  -23.8900
   29.3583
  145.4724
  -66.9913
 -154.6470
 -126.9013
  140.9372
  163.4120
   42.1260
 -106.6810
  -17.8287
 -187.3529
   53.6712
   39.3455
 -137.4455
 -169.8205
  -70.5118
   43.5984
   36.4918
  209.6124
 -198.4339
    0.5438];
  range = prop.maxRange - prop.minRange;
model.Sigma(:,:,1) = diag((range .* prop.initSigma).^2);
model.BetaA = [
      6.7288  -31.4628
   -5.9392   23.2078
   21.8163   -7.8109
    2.4760  -23.0373
   -3.2004  -76.8050
    0.1083  -21.4141
  -25.7622   77.0693
   -1.7281  -95.9756
   -4.6100  -57.6641
   13.2376   51.8267
   -4.2466  -24.4433
   -0.2640   -8.9374
  -24.3546   17.5606
   -8.5055   32.1915
   17.7074  -85.9945
    1.0041  -80.9889
    5.8449  -30.7944
   20.5506   15.7873
   -3.8211  -72.6864
    5.7918  -13.9218
    2.0776   67.9060
    3.4221  -23.7532
   -4.8061  -34.5568
   12.0493   31.9732
   -2.0287   80.0993
   -9.5557   17.7829
   -1.5057  -56.4169
    0.8181 -126.3499
   16.0739  -38.9978
   20.3626  -33.4608
    1.1580    2.6433
   -3.5569   12.7185
  -22.6850   -4.7035
   10.3779  -68.0949
    6.9797   45.6995
  -22.5956   29.2454
   -1.9135    8.7847
    7.2765  -64.4205
  -10.6717  -10.6219
   14.3421   11.2635
    0.0050   -0.0273
];