user.names = {'Andras';
        'Peter';
        'ChenMin';
        'Gaowei';
        'Juekun';
        'Neha';
        'Yuanfu';
        'Ziquan';
        'Aggie'
        'Stefanos'};
user.initScores = [5, 6, 5;
            8 8 8;
            8 8 8;
            8 7 8;
            9 9 9;
            9 9 9;
            8 9 9;
            10 9  10;
            8.7 8.7 8.6
            8 8 7];
user.finalScores = [ 9 10 9;
    9.5 9.5 9.5;
    9 9 8;
    7 7 7 ;
    9 10 10;
    7 7 8;
    10 9 9 ;
    7 9 10;
    8.5 8.5 8.6
    8 8 8];
user.height = [190;
    188;
    183;
    166;
    173;
    160;
    167;
    174;
    169
    167];
user.age = [31;
        28;
        25;
        26;
        27;
        32;
        24;
        26;
        35;
        33];
        
user.quizInit = [7 8 6 7 6 7;
7 9 8 7 5 9;
8 7 8 8 8 7;
8 7 8 7 7 8;
9 8 9 9 9 9;
9 9 9 9 9 9;
9 8 8 8 8 9;
9 9 7 8 8 10;
8 8 7 8 8 8
7 6 6 7 8 7];


user.quizFinal = [9 9 8 9 10 9;
9 9 9 10 8 9;
9 8 9 9 8 8;
7 8 8 6 7 7;
9 8 9 9 9 9;
7 8 9 9 9 6;
10 9 9 9 9 10;
9 8 9 9 8 9;
8 8 8 8 8 8
8 7 7 8 9 8];

    
        